Number of lights: 1
Type: Directional
Position: -1 -1 1
Direction: 0.41610738255033569 -0.39999999999999991 1
Color: 0.90588235294117647 0.78597571069950478 0.36945790080738178
Intensity: 1
